20.31,63.81,99.71
,33,19,13,12,-4140,621556
20.33,63.8
1,99.7
1,33,19
,13,12
,-6930,622020
20.30,63
.83,
99.71
,33
,19
,13,12
,-
5850,621649

20.33
,63.83,
99.7
1,
33,19
,13,11
,-6210,
622670
20.33,63.8
1,99.7
1,32
,18
,13,
11,-
5670,622020
20.31
,63.
83
,99.71,32,18
,13
,
11,-6570,621463

20.33
,63.8
3,
99.7
1,32,18,12,11,-6930,621092
20.3
3,
63
.
80
,
99
.7
1,
32,
18
,
12,
11
,-
5670,
621835
20.28,63.87,99.71,32,18,12,
11,-5670,
621371

20.
3
1
,
64
.
0
6
,
99
.
7
1
,
32
,
18,12
,
11
,-6840
,
621463
20.
3
3
,
64
.
0
5
,
99
.
7
1
,
32
,
18
,
12
,11
,
-
6120
,
621556

20.
33
,63
.9
9,
99.71,32,
18,
12
,
11
,
-
5580
,
620907

20.3
3
,63
.9
9
,99.
71,31
,
18
,
12
,
11,
-6750
,621556
20.33
,63.99,99.71
,31,
18,
12,
11
,-6660
,621556

20.28,
63.9
9,99
.7
1
,31,
18,12
,11
,
-
4410
,623783

